Colors: 5
Time: 0.18181739997817203
Permutation: [22, 10, 0, 1, 3, 2, 4, 5, 21, 7, 19, 6, 9, 11, 12, 8, 14, 15, 16, 17, 18, 13, 20]
Coloring: [(1, 1), (2, 2), (3, 1), (4, 2), (5, 3), (6, 3), (7, 3), (8, 4), (9, 5), (10, 3), (11, 1), (12, 4), (13, 2), (14, 4), (15, 2), (16, 3), (17, 3), (18, 2), (19, 4), (20, 2), (21, 3), (22, 2), (23, 1)]

***** Best Solution for graph_examples/myciel4.txt*****
Colors: 5
Time: 0.18142899998929352
Permutation: [22, 10, 20, 1, 2, 18, 9, 5, 6, 7, 16, 12, 4, 14, 21, 13, 11, 15, 8, 17, 3, 19, 0]
Coloring: [(1, 6), (2, 1), (3, 3), (4, 5), (5, 1), (6, 2), (7, 2), (8, 2), (9, 2), (10, 2), (11, 1), (12, 3), (13, 4), (14, 3), (15, 3), (16, 4), (17, 2), (18, 2), (19, 2), (20, 2), (21, 2), (22, 3), (23, 1)]

***** Best Solution for graph_examples/myciel4.txt*****
Colors: 5
Time: 0.2453628999646753
Permutation: [22, 10, 0, 1, 2, 3, 4, 5, 6, 7, 8, 9, 21, 11, 12, 13, 14, 15, 16, 17, 18, 19, 20]
Coloring: [(1, 1), (2, 2), (3, 1), (4, 2), (5, 3), (6, 3), (7, 2), (8, 4), (9, 2), (10, 3), (11, 1), (12, 3), (13, 2), (14, 4), (15, 2), (16, 3), (17, 3), (18, 2), (19, 4), (20, 2), (21, 3), (22, 5), (23, 1)]

